006
006
006
006
006
006
006
006
006
006
006
006
006
006
006
006
006
006
006
006
006
006
006
006
006
006
006
006
006
006
020
053
06f
079
07a
076
06f
066
05e
055
04d
046
03f
039
033
02e
02a
026
023
020
01d
01b
018
017
015
014
012
011
010
00f
00e
00e
00d
00c
00c
00b
00b
00b
00a
00a
00a
00a
009
009
009
009
009
008
008
008
008
008
008
008
008
008
008
008
008
008
008
007
007
007
007
007
007
007
007
007
007
007
007
007
007
007
007
007
007
007
007
007
007
007
007
007
006
006
006
006
006
006
006
006
006
006
006
006
006
006
006
006
00b
00b
00a
00a
00a
00a
009
009
009
009
009
008
008
008
008
008
008
008
008
008
008
008
008
008
