006
006
006
006
006
006
006
006
006
006
006
006
006
006
006
006
006
006
006
006
006
006
006
006
006
006
006
006
006
006
006
006
006
006
006
006
006
006
006
006
006
006
006
006
006
006
006
006
006
006
006
006
006
006
006
006
006
006
006
006
006
006
006
006
006
006
006
006
006
006
006
006
006
006
006
006
006
006
006
006
006
006
006
006
006
006
006
006
006
006
006
006
006
006
006
006
006
006
006
006
006
006
006
006
006
006
006
006
006
006
006
006
006
006
006
006
006
006
006
006
006
006
006
006
006
006
006
006
006
006
006
006
006
006
006
006
006
006
006
006
006
006
006
006
006
006
006
006
006
006
006
006
006
006
006
006
006
006
006
006
006
006
006
006
006
006
006
006
006
006
006
006
006
006
006
006
006
006
006
006
006
006
006
006
006
006
006
006
006
006
006
006
006
006
006
006
006
006
006
006
006
006
006
006
006
006
006
006
006
006
006
006
006
006
006
006
006
006
006
006
006
006
006
006
006
006
006
006
006
006
006
006
006
006
006
006
006
006
006
006
006
006
006
006
006
006
006
006
006
006
006
006
006
006
006
006
006
006
006
006
006
006
006
006
006
006
006
006
006
006
006
006
006
006
006
006
006
006
006
006
006
006
006
006
006
006
006
006
006
006
006
006
006
006
006
006
006
006
006
006
006
006
006
006
006
006
006
006
006
006
006
006
006
006
006
006
006
006
006
006
006
006
006
006
006
006
006
006
006
006
006
006
006
006
006
006
006
006
006
006
006
006
006
006
006
006
006
006
006
006
006
006
006
006
006
006
006
006
006
006
006
006
006
006
006
006
006
006
006
006
006
006
006
006
006
006
006
006
006
006
006
006
006
006
006
006
006
006
006
006
006
006
006
006
006
006
006
006
006
006
006
006
006
006
006
006
006
006
006
006
006
006
006
006
006
006
006
006
006
006
006
006
006
006
006
006
006
006
006
006
006
006
006
006
006
006
006
006
006
006
006
006
006
006
006
006
006
006
006
006
006
006
006
006
006
006
006
006
006
006
006
006
006
006
006
006
006
006
006
006
006
006
006
006
006
006
006
006
006
006
006
006
006
006
006
006
006
006
006
006
006
006
006
006
006
006
006
006
006
006
006
006
006
006
006
006
006
006
006
006
006
006
006
006
006
006
006
006
006
006
006
006
006
006
006
006
006
006
006
006
006
006
006
006
006
006
006
006
006
006
006
006
006
006
006
006
006
006
006
006
006
006
006
006
006
006
006
006
006
006
006
006
006
006
006
006
006
006
006
006
006
006
006
006
006
006
006
006
006
006
006
006
006
006
006
006
006
006
006
006
006
006
006
006
006
006
006
006
006
006
006
006
006
006
006
006
006
006
006
006
006
006
006
006
006
006
006
006
006
006
006
006
006
006
006
006
006
006
006
006
006
006
006
006
006
006
006
006
006
006
006
006
006
006
006
006
006
006
006
006
006
006
006
006
006
006
006
006
006
006
006
006
006
006
006
006
006
006
006
006
006
006
006
006
006
006
006
006
006
006
006
006
006
006
006
006
006
006
006
006
006
006
006
006
006
006
006
006
006
006
006
006
006
006
006
006
006
006
006
006
006
006
006
006
006
006
006
006
006
006
006
006
006
006
006
006
006
006
006
006
006
006
006
006
006
006
006
006
006
006
006
006
006
006
006
006
006
006
006
006
006
006
006
006
006
006
006
006
006
006
006
006
006
006
006
006
006
006
006
006
006
006
006
006
006
006
006
006
006
006
006
006
006
006
006
006
006
006
006
006
006
006
006
006
006
006
006
006
006
006
006
006
006
006
006
006
006
006
006
006
006
006
006
006
006
006
006
006
006
006
006
006
006
006
006
006
006
006
006
006
006
006
006
006
006
006
006
006
006
006
006
006
006
006
006
006
006
006
006
006
006
006
006
006
006
006
006
006
006
006
006
006
006
006
006
006
006
006
006
006
006
006
006
006
006
006
006
006
006
006
006
006
006
006
006
006
006
006
006
006
006
006
006
006
006
006
006
006
006
006
006
006
006
006
006
006
006
006
006
006
006
006
006
006
006
006
006
006
006
006
006
006
006
006
006
006
006
006
006
006
006
006
006
006
006
006
006
006
006
006
006
006
006
006
006
006
006
006
006
006
006
006
006
006
006
006
006
006
006
006
006
006
006
006
006
006
006
006
006
006
006
006
006
006
006
006
006
006
006
006
006
006
006
006
006
006
006
006
006
006
006
006
006
006
006
006
006
006
006
006
006
006
006
006
006
006
006
006
006
006
006
006
006
006
006
006
006
006
006
006
006
006
006
006
006
006
006
006
006
006
006
006
006
006
006
006
006
006
006
006
006
006
006
006
006
006
006
006
006
006
006
006
006
006
006
006
006
006
006
006
006
006
006
006
006
006
006
006
006
006
006
006
006
006
006
006
006
006
006
006
006
006
006
006
006
006
006
006
006
006
006
006
006
006
006
006
006
006
006
006
006
006
006
006
006
006
006
006
006
006
006
006
006
006
006
006
006
006
006
006
006
006
006
006
006
006
006
006
006
006
006
006
006
006
006
006
006
006
006
006
006
006
006
006
006
006
006
006
006
006
006
006
006
006
006
006
006
006
006
006
006
006
006
006
006
006
006
006
006
006
006
006
006
006
006
006
006
006
006
006
006
006
006
006
006
006
006
006
006
006
006
006
006
006
006
006
006
006
006
006
006
006
006
006
006
006
006
006
006
006
006
006
006
006
006
006
006
006
006
006
006
006
006
006
006
006
006
006
006
006
006
006
006
006
006
006
006
006
006
006
006
006
006
006
006
006
006
006
006
006
006
006
006
006
006
006
006
006
006
006
006
006
006
006
006
006
006
006
006
006
006
006
006
006
006
006
006
006
006
006
006
006
006
006
006
006
006
006
006
006
006
006
006
006
006
006
006
006
006
006
006
006
006
006
006
006
006
006
006
006
006
006
006
006
006
006
006
006
006
006
006
006
006
006
006
006
006
006
006
006
006
006
006
006
006
006
006
006
006
006
006
006
006
006
006
006
006
006
006
006
006
006
006
006
006
006
006
006
006
006
006
006
006
006
006
006
006
006
006
006
006
006
006
006
006
006
006
006
006
006
006
006
006
006
006
006
006
006
006
006
006
006
006
006
006
006
006
006
006
006
006
006
006
006
006
006
006
006
006
006
006
006
006
006
006
006
006
006
006
006
006
006
006
006
006
006
006
006
006
006
006
006
006
006
006
006
006
006
006
006
032
08a
0ba
0cc
0ce
0c7
0ba
0ac
09d
08e
080
073
067
05d
053
04b
044
03d
037
032
02d
029
026
022
020
01d
01b
019
017
016
014
013
012
011
010
00f
00e
00e
00d
00d
00c
00c
00b
00b
00b
00b
00a
00a
00a
00a
00a
009
009
009
009
009
009
009
009
009
008
008
008
008
008
008
008
008
008
008
008
008
007
007
007
007
007
007
007
007
007
007
007
007
007
007
007
007
007
007
006
007
006
007
006
006
006
006
006
006
006
006
00e
00e
00d
00d
00c
00c
00b
00b
00b
00b
00a
00a
00a
00a
00a
009
009
009
009
009
009
009
009
009
006
006
006
006
006
006
006
006
006
006
006
006
006
006
006
006
006
006
006
006
006
006
006
006
006
006
006
006
006
006
006
006
006
006
006
006
006
006
006
006
006
006
006
006
006
006
006
006
006
006
006
006
006
006
006
006
006
006
006
006
006
006
006
006
006
006
006
006
006
006
006
006
006
006
006
006
006
006
006
006
006
006
006
006
006
006
006
006
006
006
006
006
006
006
006
006
006
006
006
006
006
006
006
006
006
006
006
006
006
006
006
006
006
006
006
006
006
006
006
006
006
006
006
006
006
006
006
006
006
006
006
006
006
006
006
006
006
006
006
006
006
006
006
006
006
006
006
006
006
006
006
006
006
006
006
006
006
006
006
006
006
006
006
006
006
006
006
006
006
006
006
006
006
006
006
006
006
006
006
006
032
08a
0ba
0cc
0ce
0c7
0ba
0ac
09d
08e
080
073
067
05d
053
04b
044
03d
037
032
02d
029
026
022
020
01d
01b
019
017
016
014
013
012
011
010
00f
00e
00e
00d
00d
00c
00c
00b
00b
00b
00b
00a
00a
00a
00a
00a
009
009
009
009
009
009
009
009
009
008
008
008
008
008
008
008
008
008
008
008
008
007
007
007
007
007
007
007
007
007
007
007
007
007
007
007
007
007
007
006
007
006
007
006
006
006
006
006
006
006
006
00e
00e
00d
00d
00c
00c
00b
00b
00b
00b
00a
00a
00a
00a
00a
009
009
009
009
009
009
009
009
009
006
006
006
006
006
006
006
006
006
006
006
006
006
006
006
006
006
006
006
006
006
006
006
006
006
006
006
006
006
006
006
006
006
006
006
006
006
006
006
006
006
006
006
006
006
006
006
006
006
006
006
006
006
006
006
006
006
006
006
006
006
006
006
006
006
006
006
006
006
006
006
006
006
006
006
006
006
006
006
006
006
006
006
006
006
006
006
006
006
006
006
006
006
006
006
006
006
006
006
006
006
006
006
006
006
006
006
006
006
006
006
006
006
006
006
006
006
006
006
006
006
006
006
006
006
006
006
006
006
006
006
006
006
006
006
006
006
006
006
006
006
006
006
006
006
006
006
006
006
006
006
006
006
006
006
006
006
006
006
006
006
006
006
006
006
006
006
006
006
006
006
006
006
006
006
006
006
006
006
006
032
08a
0ba
0cc
0ce
0c7
0ba
0ac
09d
08e
080
073
067
05d
053
04b
044
03d
037
032
02d
029
026
022
020
01d
01b
019
017
016
014
013
012
011
010
00f
00e
00e
00d
00d
00c
00c
00b
00b
00b
00b
00a
00a
00a
00a
00a
009
009
009
009
009
009
009
009
009
008
008
008
008
008
008
008
008
008
008
008
008
007
007
007
007
007
007
007
007
007
007
007
007
007
007
007
007
007
007
006
007
006
007
006
006
006
006
006
006
006
006
00e
00e
00d
00d
00c
00c
00b
00b
00b
00b
00a
00a
00a
00a
00a
009
009
009
009
009
009
009
009
009
