006
006
006
006
006
006
006
006
006
006
006
006
006
006
006
006
006
006
006
006
006
006
006
006
006
006
006
006
006
006
017
037
049
050
051
04e
049
044
03e
039
034
02f
02a
026
023
020
01d
01b
018
016
015
013
012
011
010
00f
00e
00d
00c
00c
00b
00b
00b
00a
00a
00a
009
009
009
009
008
008
008
008
008
008
008
008
008
008
008
007
007
007
007
007
007
007
007
007
007
007
007
007
007
007
007
007
007
007
007
007
007
007
007
007
007
007
007
007
007
007
007
006
006
006
006
006
006
006
006
006
006
006
006
006
006
006
006
006
006
006
009
009
009
009
008
008
008
008
008
008
008
008
008
008
008
007
007
007
007
007
007
007
007
007
