048
048
048
048
048
048
048
048
048
048
048
048
048
048
048
048
048
048
048
048
048
048
048
048
048
048
048
048
048
048
1ec
534
6f0
7a4
7b0
768
6fc
66c
5dc
558
4c8
450
3e4
384
324
2dc
294
258
21c
1ec
1bc
198
174
150
138
120
114
0fc
0f0
0d8
0cc
0c0
0b4
0b4
0a8
09c
09c
090
090
084
084
084
078
078
078
078
078
06c
06c
06c
06c
06c
060
060
060
060
060
060
060
060
060
060
060
060
060
060
054
054
054
054
054
054
054
054
054
054
054
054
054
054
054
054
054
054
054
054
048
048
048
048
048
048
048
048
048
048
048
048
048
048
048
048
09c
090
090
084
084
084
078
078
078
078
078
06c
06c
06c
06c
06c
060
060
060
060
060
060
060
060
